[53123865, 53124973, 53114732, 53081989, 53114734, 53093356, 53041442, 53042706, 53089336, 53093359, 53093360, 53093362, 10684132265, 53085387, 53085388, 53085389, 53118366, 53118368, 53097585, 53073822, 53118372, 53108990, 53118374, 53118376, 53074376, 53124803, 53124805, 2518218246, 305541919, 53125999, 53126000, 53092218, 53075311]
[53123865, 53114730, 53114727, 53119162, 53081990, 53119164, 53041443, 53042707, 53119166, 53119168, 53085388, 53085389, 53073689, 53025060, 53082627, 53073691, 53033660, 53040495, 53085375, 53085377, 53027454, 305541020, 53027455, 53027457, 2391023394, 53027459, 53027461, 53027463, 53046250, 53046251, 53125997, 53124805, 2518218246, 305541919, 53125999, 53126000, 53092218, 53075311]
[53123865, 53114730, 53114727, 53119162, 53081990, 53119164, 686202982, 53082645, 2833994093, 53041445, 53082619, 53082621, 53082625, 53082627, 53073691, 53033660, 53040495, 53085375, 53085377, 53027454, 53085380, 53021750, 683050221, 53085382, 53152062, 53027463, 53046250, 53046251, 53125997, 53124805, 2518218246, 305541919, 53125999, 53126000, 53092218, 53075311]
[53123865, 53124973, 53114732, 53081989, 53114734, 53093356, 53041442, 53042706, 53089336, 53093359, 53093360, 53093362, 10684132265, 53085387, 53085388, 53085389, 53118366, 683050204, 53073691, 53033660, 53040495, 53085375, 53085377, 53027454, 53085380, 53021750, 683050221, 53085382, 53152062, 53027463, 53046250, 53046251, 53125997, 53124805, 2518218246, 305541919, 53125999, 53126000, 53092218, 53075311]
[53123865, 53114730, 53114727, 53119162, 53081990, 53119164, 53041443, 53042707, 53119166, 53119168, 53085388, 53085389, 53118366, 53118368, 53097585, 53073822, 53118372, 53108990, 53118374, 53118376, 53074376, 53124803, 53124805, 2518218246, 305541919, 53125999, 53126000, 53092218, 53075311]
[53123865, 53114730, 53114727, 53119162, 53081990, 53119164, 53041443, 53042707, 53119166, 53119168, 53085388, 53085389, 53073689, 53025060, 53082627, 53073691, 53033660, 53040495, 53085375, 53085377, 53027454, 53085380, 53021750, 683050221, 53085382, 53152062, 53027463, 53046250, 53046251, 53125997, 53124805, 2518218246, 305541919, 53125999, 53126000, 53092218, 53075311]
[53123865, 53114730, 53114727, 53119162, 53081990, 53119164, 53041443, 53042707, 53119166, 53119168, 53085388, 53085389, 53118366, 53118368, 53097585, 53073822, 53118372, 53134227, 2391023402, 53027457, 2391023394, 53027459, 53027461, 53046249, 53127240, 53124803, 53124805, 2518218246, 305541919, 53125999, 53126000, 53092218, 53075311]
[53123865, 53114730, 53114727, 53119162, 53081990, 53119164, 53041443, 53042707, 53119166, 53119168, 53085388, 53085389, 53118366, 53118368, 53097585, 53073822, 53118372, 53134227, 2391023402, 53027457, 2391023394, 53027459, 53027461, 53046249, 53127240, 53125997, 53124805, 2518218246, 305541919, 53125999, 53126000, 53092218, 53075311]
[53123865, 53114730, 53114727, 53119162, 53081990, 53119164, 686202982, 53082645, 2833994093, 53041445, 53082619, 53082621, 53082625, 53082627, 53073691, 53033660, 53040495, 53085375, 53085377, 53027454, 53085380, 53021750, 683050221, 53085382, 53152062, 53027463, 53046250, 53046251, 53125997, 53124805, 2518218246, 305541919, 53125999, 53126000, 53092218, 53075311]
[53123865, 53124973, 53114732, 53081989, 53114734, 53093356, 53041442, 53042706, 53089336, 53093359, 53093360, 53093362, 10684132265, 53085387, 53085388, 53085389, 53118366, 53118368, 53097585, 53073822, 53118372, 53108990, 53118374, 53118376, 53074376, 53124803, 53124805, 2518218246, 305541919, 53125999, 53126000, 53092218, 53075311]
[53123865, 53124973, 53114732, 53081989, 53114734, 53093356, 53041442, 53042706, 53089336, 53093359, 53093360, 53093362, 10684132265, 53085387, 53085388, 53085389, 53118366, 53118368, 53097585, 53073822, 53118372, 53134227, 2391023402, 53027457, 2391023394, 53027459, 53027461, 53046249, 53127240, 53124803, 53124805, 2518218246, 305541919, 53125999, 53126000, 53092218, 53075311]
[53123865, 53114730, 53114727, 53119162, 53081990, 53119164, 53041443, 53042707, 53119166, 53025057, 2834814897, 53025060, 53082627, 53073691, 53033660, 53040495, 53085375, 53085377, 53027454, 53085380, 53021750, 683050221, 53085382, 53152062, 53027463, 53046250, 53046251, 53125997, 53124805, 2518218246, 305541919, 53125999, 53126000, 53092218, 53075311]
[53123865, 53114730, 53114727, 53119162, 53081990, 53119164, 53041443, 53042707, 53119166, 53025057, 2834814897, 53025060, 53082627, 53073691, 53033660, 53040495, 53085375, 53085377, 53027454, 305541020, 53027455, 53027457, 2391023394, 53027459, 53027461, 53046249, 53127240, 53124803, 53124805, 2518218246, 305541919, 53125999, 53126000, 53092218, 53075311]
[53123865, 53124973, 53114732, 53081989, 53114734, 53093356, 53041442, 53042706, 53089336, 53093359, 53093360, 53093362, 10684132265, 53085387, 53085388, 53085389, 53118366, 53118368, 53097585, 53073822, 53118372, 53134227, 2391023402, 53027457, 2391023394, 53027459, 53027461, 53046249, 53127240, 53124803, 53124805, 2518218246, 305541919, 53125999, 53126000, 53092218, 53075311]
[53123865, 53114730, 53114727, 53119162, 53081990, 53119164, 686202982, 53082645, 2833994093, 53041445, 53082619, 53082621, 53082625, 53082627, 53073691, 53033660, 53040495, 53085375, 53085377, 53027454, 305541020, 53027455, 53027457, 2391023394, 53027459, 53027461, 53046249, 53127240, 53125997, 53124805, 2518218246, 305541919, 53125999, 53126000, 53092218, 53075311]
[53123865, 53124973, 53114732, 53081989, 53114734, 53093356, 53041442, 53042706, 53089336, 53093359, 53093360, 53093362, 10684132265, 53085387, 53085388, 53085389, 53118366, 53118368, 53097585, 53073822, 53118372, 53134227, 53074380, 53074377, 53074376, 53124803, 53124805, 2518218246, 305541919, 53125999, 53126000, 53092218, 53075311]
[53123865, 53124973, 53114732, 53081989, 53114734, 53093356, 53041442, 53042706, 53089336, 53093359, 53093360, 53093362, 10684132265, 53085387, 53085388, 53085389, 53073689, 53025060, 53082627, 53073691, 53033660, 53040495, 53085375, 53085377, 53027454, 53085380, 53021750, 683050221, 53085382, 53152062, 53027463, 53046250, 53046251, 53125997, 53124805, 2518218246, 305541919, 53125999, 53126000, 53092218, 53075311]
[53123865, 53114730, 53114727, 53119162, 53081990, 53119164, 686202982, 53082645, 2833994093, 53041445, 53082619, 53082621, 53082625, 53082627, 53073691, 53033660, 53040495, 53085375, 53085377, 53027454, 305541020, 53027455, 53027457, 2391023394, 53027459, 53027461, 53046249, 53127240, 53124803, 53124805, 2518218246, 305541919, 53125999, 53126000, 53092218, 53075311]
[53123865, 53124973, 53114732, 53081989, 53114734, 53093356, 53041442, 53042706, 53089336, 53093359, 53093360, 53093362, 10684132265, 53085387, 53085388, 53085389, 53118366, 53118368, 53097585, 53073822, 53118372, 53134227, 53074380, 53074377, 53074376, 53124803, 53124805, 2518218246, 305541919, 53125999, 53126000, 53092218, 53075311]
[53123865, 53114730, 53114727, 53119162, 53081990, 53119164, 53041443, 53042707, 53119166, 53119168, 53085388, 53085389, 53118366, 53118368, 53097585, 53073822, 53118372, 53108990, 53118374, 53118376, 53074376, 53124803, 53124805, 2518218246, 305541919, 53125999, 53126000, 53092218, 53075311]
[53123865, 53124973, 53114732, 53081989, 53114734, 53093356, 53041442, 53042706, 53089336, 53093359, 53093360, 53093362, 10684132265, 53085387, 53085388, 53085389, 53073689, 53025060, 53082627, 53073691, 53033660, 53040495, 53085375, 53085377, 53027454, 305541020, 53027455, 53027457, 2391023394, 53027459, 53027461, 53046249, 53127240, 53125997, 53124805, 2518218246, 305541919, 53125999, 53126000, 53092218, 53075311]
[53123865, 53114730, 53114727, 53119162, 53081990, 53119164, 53041443, 53042707, 53119166, 53025057, 2834814897, 53025060, 53082627, 53073691, 53033660, 53040495, 53085375, 53085377, 53027454, 305541020, 53027455, 53027457, 2391023394, 53027459, 53027461, 53046249, 53127240, 53124803, 53124805, 2518218246, 305541919, 53125999, 53126000, 53092218, 53075311]
[53123865, 53124973, 53114732, 53081989, 53114734, 53093356, 53041442, 53041443, 53042707, 53119166, 53119168, 53085388, 53085389, 53073689, 53025060, 53082627, 53073691, 53033660, 53040495, 53085375, 53085377, 53027454, 305541020, 53027455, 53027457, 2391023394, 53027459, 53027461, 53046249, 53127240, 53125997, 53124805, 2518218246, 305541919, 53125999, 53126000, 53092218, 53075311]
[53123865, 53114730, 53114727, 53119162, 53081990, 53119164, 53041443, 53042707, 53119166, 53119168, 53085388, 53085389, 53118366, 53118368, 53097585, 53073822, 53118372, 53134227, 2391023402, 53027457, 2391023394, 53027459, 53027461, 53046249, 53127240, 53124803, 53124805, 2518218246, 305541919, 53125999, 53126000, 53092218, 53075311]
[53123865, 53114730, 53114727, 53119162, 53081990, 53119164, 686202982, 53082645, 2833994093, 53041445, 53082619, 53082621, 53082625, 53082627, 53073691, 53033660, 53040495, 53085375, 53085377, 53027454, 53085380, 53021750, 683050221, 53085382, 53152062, 53027463, 53046250, 53046251, 53125997, 53124805, 2518218246, 305541919, 53125999, 53126000, 53092218, 53075311]
[53123865, 53124973, 53114732, 53081989, 53114734, 53093356, 53041442, 53042706, 53089336, 53093359, 53093360, 53093362, 10684132265, 53085387, 53085388, 53085389, 53073689, 53025060, 53082627, 53073691, 53033660, 53040495, 53085375, 53085377, 53027454, 305541020, 53027455, 53027457, 2391023394, 53027459, 53027461, 53046249, 53127240, 53124803, 53124805, 2518218246, 305541919, 53125999, 53126000, 53092218, 53075311]
[53123865, 53124973, 53114732, 53081989, 53114734, 53093356, 53041442, 53042706, 53089336, 53093359, 53093360, 53093362, 10684132265, 53085387, 53085388, 53085389, 53118366, 53118368, 53097585, 53073822, 53118372, 53108990, 53118374, 53118376, 53074376, 53124803, 53124805, 2518218246, 305541919, 53125999, 53126000, 53092218, 53075311]
[53123865, 53124973, 53114732, 53081989, 53114734, 53093356, 53041442, 53042706, 53089336, 53093359, 53093360, 53093362, 10684132265, 53085387, 53085388, 53085389, 53118366, 53118368, 53097585, 53073822, 53118372, 53108990, 53118374, 53118376, 53074376, 53124803, 53124805, 2518218246, 305541919, 53125999, 53126000, 53092218, 53075311]
[53123865, 53114730, 53114727, 53119162, 53081990, 53119164, 53041443, 53042707, 53119166, 53119168, 53085388, 53085389, 53118366, 53118368, 53097585, 53073822, 53118372, 53134227, 2391023402, 53027457, 2391023394, 53027459, 53027461, 53046249, 53127240, 53125997, 53124805, 2518218246, 305541919, 53125999, 53126000, 53092218, 53075311]
[53123865, 53114730, 53114727, 53119162, 53081990, 53119164, 53041443, 53042707, 53119166, 53119168, 53085388, 53085389, 53118366, 53118368, 53097585, 53073822, 53118372, 53134227, 2391023402, 53027457, 2391023394, 53027459, 53027461, 53046249, 53127240, 53124803, 53124805, 2518218246, 305541919, 53125999, 53126000, 53092218, 53075311]
[53123865, 53114730, 53114727, 53119162, 53081990, 53119164, 53041443, 53042707, 53119166, 53025057, 2834814897, 53025060, 53082627, 53073691, 53033660, 53040495, 53085375, 53085377, 53027454, 53085380, 53021750, 683050221, 53085382, 53152062, 53027463, 53046250, 53046251, 53125997, 53124805, 2518218246, 305541919, 53125999, 53126000, 53092218, 53075311]
[53123865, 53124973, 53114732, 53081989, 53114734, 53093356, 53041442, 53042706, 53089336, 53093359, 53093360, 53093362, 10684132265, 53085387, 53085388, 53085389, 53118366, 53118368, 53097585, 53073822, 53118372, 53134227, 2391023402, 53027457, 2391023394, 53027459, 53027461, 53046249, 53127240, 53125997, 53124805, 2518218246, 305541919, 53125999, 53126000, 53092218, 53075311]
[53123865, 53114730, 53114727, 53119162, 53081990, 53119164, 686202982, 53082645, 2833994093, 53041445, 53082619, 53082621, 53082625, 53082627, 53073691, 53033660, 53040495, 53085375, 53085377, 53027454, 305541020, 53027455, 53027457, 2391023394, 53027459, 53027461, 53046249, 53127240, 53125997, 53124805, 2518218246, 305541919, 53125999, 53126000, 53092218, 53075311]
[53123865, 53114730, 53114727, 53119162, 53081990, 53119164, 53041443, 53042707, 53119166, 53119168, 53085388, 53085389, 53118366, 53118368, 53097585, 53073822, 53118372, 53134227, 53074380, 53074377, 53074376, 53124803, 53124805, 2518218246, 305541919, 53125999, 53126000, 53092218, 53075311]
[53123865, 53114730, 53114727, 53119162, 53081990, 53119164, 53041443, 53042707, 53119166, 53025057, 2834814897, 53025060, 53082627, 53073691, 53033660, 53040495, 53085375, 53085377, 53027454, 305541020, 53027455, 53027457, 2391023394, 53027459, 53027461, 53046249, 53127240, 53124803, 53124805, 2518218246, 305541919, 53125999, 53126000, 53092218, 53075311]
[53123865, 53124973, 53114732, 53081989, 53114734, 53093356, 53041442, 53042706, 53089336, 53093359, 53093360, 53093362, 10684132265, 53085387, 53085388, 53085389, 53118366, 683050204, 53073691, 53033660, 53040495, 53085375, 53085377, 53027454, 305541020, 53027455, 53027457, 2391023394, 53027459, 53027461, 53046249, 53127240, 53124803, 53124805, 2518218246, 305541919, 53125999, 53126000, 53092218, 53075311]
[53123865, 53124973, 53114732, 53081989, 53114734, 53093356, 53041442, 53042706, 53089336, 53093359, 53093360, 53119168, 53085388, 53085389, 53118366, 53118368, 53097585, 53073822, 53118372, 53134227, 53074380, 53074377, 53074376, 53124803, 53124805, 2518218246, 305541919, 53125999, 53126000, 53092218, 53075311]
[53123865, 53114730, 53114727, 53119162, 53081990, 53119164, 53041443, 53042707, 53119166, 53119168, 53085388, 53085389, 53118366, 53118368, 53097585, 53073822, 53118372, 53134227, 2391023402, 53027457, 2391023394, 53027459, 53027461, 53027463, 53046250, 53046251, 53125997, 53124805, 2518218246, 305541919, 53125999, 53126000, 53092218, 53075311]
[53123865, 53114730, 53114727, 53119162, 53081990, 53119164, 53041443, 53042707, 53119166, 53119168, 53085388, 53085389, 53118366, 53118368, 53097585, 53073822, 53118372, 53108990, 53118374, 53118376, 53074376, 53124803, 53124805, 2518218246, 305541919, 53125999, 53126000, 53092218, 53075311]
[53123865, 53124973, 53114732, 53081989, 53114734, 53093356, 53041442, 53042706, 53089336, 53093359, 53093360, 53093362, 10684132265, 53085387, 53085388, 53085389, 53118366, 53118368, 53097585, 53073822, 53118372, 53134227, 2391023402, 53027457, 2391023394, 53027459, 53027461, 53046249, 53127240, 53124803, 53124805, 2518218246, 305541919, 53125999, 53126000, 53092218, 53075311]
[53123865, 53124973, 53114732, 53081989, 53114734, 53093356, 53041442, 53042706, 53089336, 53093359, 53093360, 53093362, 10684132265, 53085387, 53085388, 53085389, 53118366, 53118368, 53097585, 53073822, 53118372, 53134227, 2391023402, 53027457, 2391023394, 53027459, 53027461, 53046249, 53127240, 53124803, 53124805, 2518218246, 305541919, 53125999, 53126000, 53092218, 53075311]
[53123865, 53114730, 53114727, 53119162, 53081990, 53119164, 53041443, 53042707, 53119166, 53119168, 53085388, 53085389, 53073689, 53025060, 53082627, 53073691, 53033660, 53040495, 53085375, 53085377, 53027454, 53085380, 53021750, 683050221, 53085382, 53152062, 53027463, 53046250, 53046251, 53125997, 53124805, 2518218246, 305541919, 53125999, 53126000, 53092218, 53075311]
[53123865, 53124973, 53114732, 53081989, 53114734, 53093356, 53041442, 53042706, 53089336, 53093359, 53093360, 53093362, 10684132265, 53085387, 53085388, 53085389, 53073689, 53025060, 53082627, 53073691, 53033660, 53040495, 53085375, 53085377, 53027454, 305541020, 53027455, 53027457, 2391023394, 53027459, 53027461, 53027463, 53046250, 53046251, 53125997, 53124805, 2518218246, 305541919, 53125999, 53126000, 53092218, 53075311]
[53123865, 53124973, 53114732, 53081989, 53114734, 53093356, 53041442, 53042706, 53089336, 53093359, 53093360, 53119168, 53085388, 53085389, 53118366, 53118368, 53097585, 53073822, 53118372, 53134227, 53074380, 53074377, 53074376, 53124803, 53124805, 2518218246, 305541919, 53125999, 53126000, 53092218, 53075311]
[53123865, 53114730, 53114727, 53119162, 53081990, 53119164, 686202982, 53082645, 2833994093, 53041445, 53082619, 53082621, 53082625, 53082627, 53073691, 53033660, 53040495, 53085375, 53085377, 53027454, 305541020, 53027455, 53027457, 2391023394, 53027459, 53027461, 53027463, 53046250, 53046251, 53125997, 53124805, 2518218246, 305541919, 53125999, 53126000, 53092218, 53075311]
[53123865, 53114730, 53114727, 53119162, 53081990, 53119164, 53041443, 53042707, 53119166, 53025057, 2834814897, 53025060, 53082627, 53073691, 53033660, 53040495, 53085375, 53085377, 53027454, 53085380, 53021750, 683050221, 53085382, 53152062, 53027463, 53046250, 53046251, 53125997, 53124805, 2518218246, 305541919, 53125999, 53126000, 53092218, 53075311]
[53123865, 53114730, 53114727, 53119162, 53081990, 53119164, 686202982, 53082645, 2833994093, 53041445, 53082619, 53082621, 53082625, 53082627, 53073691, 53033660, 53040495, 53085375, 53085377, 53027454, 53085380, 53021750, 683050221, 53085382, 53152062, 53027463, 53046250, 53046251, 53125997, 53124805, 2518218246, 305541919, 53125999, 53126000, 53092218, 53075311]
[53123865, 53114730, 53114727, 53119162, 53081990, 53119164, 53041443, 53042707, 53119166, 53119168, 53085388, 53085389, 53118366, 53118368, 53097585, 53073822, 53118372, 53134227, 2391023402, 53027457, 2391023394, 53027459, 53027461, 53046249, 53127240, 53124803, 53124805, 2518218246, 305541919, 53125999, 53126000, 53092218, 53075311]
[53123865, 53114730, 53114727, 53119162, 53081990, 53119164, 53041443, 53042707, 53119166, 53119168, 53085388, 53085389, 53118366, 53118368, 53097585, 53073822, 53118372, 53134227, 53074380, 53074377, 53074376, 53124803, 53124805, 2518218246, 305541919, 53125999, 53126000, 53092218, 53075311]
[53123865, 53114730, 53114727, 53119162, 53081990, 53119164, 53041443, 53042707, 53119166, 53119168, 53085388, 53085389, 53118366, 53118368, 53097585, 53073822, 53118372, 53134227, 53074380, 53074377, 53074376, 53124803, 53124805, 2518218246, 305541919, 53125999, 53126000, 53092218, 53075311]
[53123865, 53114730, 53114727, 53119162, 53081990, 53119164, 53041443, 53042707, 53119166, 53025057, 2834814897, 53025060, 53082627, 53073691, 53033660, 53040495, 53085375, 53085377, 53027454, 305541020, 53027455, 53027457, 2391023394, 53027459, 53027461, 53046249, 53127240, 53124803, 53124805, 2518218246, 305541919, 53125999, 53126000, 53092218, 53075311]
[53123865, 53114730, 53114727, 53119162, 53081990, 53119164, 53041443, 53042707, 53119166, 53119168, 53085388, 53085389, 53118366, 53118368, 53097585, 53073822, 53118372, 53134227, 2391023402, 53027457, 2391023394, 53027459, 53027461, 53027463, 53046250, 53046251, 53125997, 53124805, 2518218246, 305541919, 53125999, 53126000, 53092218, 53075311]
[53123865, 53124973, 53114732, 53081989, 53114734, 53093356, 53041442, 53041443, 53042707, 53119166, 53025057, 2834814897, 53025060, 53082627, 53073691, 53033660, 53040495, 53085375, 53085377, 53027454, 53085380, 53021750, 683050221, 53085382, 53152062, 53027463, 53046250, 53046251, 53125997, 53124805, 2518218246, 305541919, 53125999, 53126000, 53092218, 53075311]
[53123865, 53124973, 53114732, 53081989, 53114734, 53093356, 53041442, 53042706, 53089336, 53093359, 53093360, 53093362, 10684132265, 53085387, 53085388, 53085389, 53118366, 53118368, 53097585, 53073822, 53118372, 53134227, 2391023402, 53027457, 2391023394, 53027459, 53027461, 53046249, 53127240, 53124803, 53124805, 2518218246, 305541919, 53125999, 53126000, 53092218, 53075311]
[53123865, 53114730, 53114727, 53119162, 53081990, 53119164, 53041443, 53042707, 53119166, 53119168, 53085388, 53085389, 53118366, 53118368, 53097585, 53073822, 53118372, 53134227, 53074380, 53074377, 53074376, 53124803, 53124805, 2518218246, 305541919, 53125999, 53126000, 53092218, 53075311]
[53123865, 53114730, 53114727, 53119162, 53081990, 53119164, 53041443, 53042707, 53119166, 53025057, 2834814897, 53025060, 53082627, 53073691, 53033660, 53040495, 53085375, 53085377, 53027454, 53085380, 53021750, 683050221, 53085382, 53152062, 53027463, 53046250, 53046251, 53125997, 53124805, 2518218246, 305541919, 53125999, 53126000, 53092218, 53075311]
[53123865, 53114730, 53114727, 53119162, 53081990, 53119164, 53041443, 53042707, 53119166, 53119168, 53085388, 53085389, 53118366, 53118368, 53097585, 53073822, 53118372, 53134227, 53074380, 53074377, 53074376, 53124803, 53124805, 2518218246, 305541919, 53125999, 53126000, 53092218, 53075311]
[53123865, 53124973, 53114732, 53081989, 53114734, 53093356, 53041442, 53042706, 53089336, 53093359, 53093360, 53093362, 10684132265, 53085387, 53085388, 53085389, 53073689, 53025060, 53082627, 53073691, 53033660, 53040495, 53085375, 53085377, 53027454, 53085380, 53021750, 683050221, 53085382, 53152062, 53027463, 53046250, 53046251, 53125997, 53124805, 2518218246, 305541919, 53125999, 53126000, 53092218, 53075311]
[53123865, 53114730, 53114727, 53119162, 53081990, 53119164, 686202982, 53082645, 2833994093, 53041445, 53082619, 53082621, 53082625, 53082627, 53073691, 53033660, 53040495, 53085375, 53085377, 53027454, 305541020, 53027455, 53027457, 2391023394, 53027459, 53027461, 53046249, 53127240, 53125997, 53124805, 2518218246, 305541919, 53125999, 53126000, 53092218, 53075311]
[53123865, 53124973, 53114732, 53081989, 53114734, 53093356, 53041442, 53042706, 53089336, 53093359, 53093360, 53093362, 10684132265, 53085387, 53085388, 53085389, 53073689, 53025060, 53082627, 53073691, 53033660, 53040495, 53085375, 53085377, 53027454, 305541020, 53027455, 53027457, 2391023394, 53027459, 53027461, 53046249, 53127240, 53125997, 53124805, 2518218246, 305541919, 53125999, 53126000, 53092218, 53075311]
[53123865, 53124973, 53114732, 53081989, 53114734, 53093356, 53041442, 53042706, 53089336, 53093359, 53093360, 53093362, 10684132265, 53085387, 53085388, 53085389, 53118366, 53118368, 53097585, 53073822, 53118372, 53108990, 53118374, 53118376, 53074376, 53124803, 53124805, 2518218246, 305541919, 53125999, 53126000, 53092218, 53075311]
[53123865, 53124973, 53114732, 53081989, 53114734, 53093356, 53041442, 53042706, 53089336, 53093359, 53093360, 53093362, 10684132265, 53085387, 53085388, 53085389, 53073689, 53025060, 53082627, 53073691, 53033660, 53040495, 53085375, 53085377, 53027454, 53085380, 53021750, 683050221, 53085382, 53152062, 53027463, 53046250, 53046251, 53125997, 53124805, 2518218246, 305541919, 53125999, 53126000, 53092218, 53075311]
[53123865, 53124973, 53114732, 53081989, 53114734, 53093356, 53041442, 53042706, 53089336, 53093359, 53093360, 53119168, 53085388, 53085389, 53073689, 53025060, 53082627, 53073691, 53033660, 53040495, 53085375, 53085377, 53027454, 53085380, 53021750, 683050221, 53085382, 53152062, 53027463, 53046250, 53046251, 53125997, 53124805, 2518218246, 305541919, 53125999, 53126000, 53092218, 53075311]
[53123865, 53114730, 53114727, 53119162, 53081990, 53119164, 53041443, 53042707, 53119166, 53119168, 53085388, 53085389, 53118366, 683050204, 53073691, 53033660, 53040495, 53085375, 53085377, 53027454, 305541020, 53027455, 53027457, 2391023394, 53027459, 53027461, 53046249, 53127240, 53125997, 53124805, 2518218246, 305541919, 53125999, 53126000, 53092218, 53075311]
[53123865, 53114730, 53114727, 53119162, 53081990, 53119164, 686202982, 53082645, 2833994093, 53041445, 53082619, 53082621, 53082625, 53082627, 53073691, 53033660, 53040495, 53085375, 53085377, 53027454, 53085380, 53021750, 683050221, 53085382, 53152062, 53027463, 53046250, 53046251, 53125997, 53124805, 2518218246, 305541919, 53125999, 53126000, 53092218, 53075311]
[53123865, 53114730, 53114727, 53119162, 53081990, 53119164, 53041443, 53042707, 53119166, 53025057, 2834814897, 53025060, 53082627, 53073691, 53033660, 53040495, 53085375, 53085377, 53027454, 53085380, 53021750, 683050221, 53085382, 53152062, 53027463, 53046250, 53046251, 53125997, 53124805, 2518218246, 305541919, 53125999, 53126000, 53092218, 53075311]
[53123865, 53114730, 53114727, 53119162, 53081990, 53119164, 53041443, 53042707, 53119166, 53025057, 2834814897, 53025060, 53082627, 53073691, 53033660, 53040495, 53085375, 53085377, 53027454, 305541020, 53027455, 53027457, 2391023394, 53027459, 53027461, 53046249, 53127240, 53124803, 53124805, 2518218246, 305541919, 53125999, 53126000, 53092218, 53075311]
[53123865, 53114730, 53114727, 53119162, 53081990, 53119164, 53041443, 53042707, 53119166, 53119168, 53085388, 53085389, 53073689, 53025060, 53082627, 53073691, 53033660, 53040495, 53085375, 53085377, 53027454, 305541020, 53027455, 53027457, 2391023394, 53027459, 53027461, 53046249, 53127240, 53124803, 53124805, 2518218246, 305541919, 53125999, 53126000, 53092218, 53075311]
[53123865, 53124973, 53114732, 53081989, 53114734, 53093356, 53041442, 53042706, 53089336, 53093359, 53093360, 53093362, 10684132265, 53085387, 53085388, 53085389, 53118366, 53118368, 53097585, 53073822, 53118372, 53108990, 53118374, 53118376, 53074376, 53124803, 53124805, 2518218246, 305541919, 53125999, 53126000, 53092218, 53075311]
[53123865, 53124973, 53114732, 53081989, 53114734, 53093356, 53041442, 53042706, 53089336, 53093359, 53093360, 53093362, 10684132265, 53085387, 53085388, 53085389, 53118366, 53118368, 53097585, 53073822, 53118372, 53108990, 53118374, 53118376, 53074376, 53124803, 53124805, 2518218246, 305541919, 53125999, 53126000, 53092218, 53075311]
[53123865, 53124973, 53114732, 53081989, 53114734, 53093356, 53041442, 53042706, 53089336, 53093359, 53093360, 53093362, 10684132265, 53085387, 53085388, 53085389, 53118366, 53118368, 53097585, 53073822, 53118372, 53134227, 2391023402, 53027457, 2391023394, 53027459, 53027461, 53046249, 53127240, 53124803, 53124805, 2518218246, 305541919, 53125999, 53126000, 53092218, 53075311]
[53123865, 53114730, 53114727, 53119162, 53081990, 53119164, 53041443, 53042707, 53119166, 53025057, 2834814897, 53025060, 53082627, 53073691, 53033660, 53040495, 53085375, 53085377, 53027454, 305541020, 53027455, 53027457, 2391023394, 53027459, 53027461, 53046249, 53127240, 53125997, 53124805, 2518218246, 305541919, 53125999, 53126000, 53092218, 53075311]
[53123865, 53114730, 53114727, 53119162, 53081990, 53119164, 53041443, 53042707, 53119166, 53119168, 53085388, 53085389, 53118366, 53118368, 53097585, 53073822, 53118372, 53134227, 53074380, 53074377, 53074376, 53124803, 53124805, 2518218246, 305541919, 53125999, 53126000, 53092218, 53075311]
[53123865, 53124973, 53114732, 53081989, 53114734, 53093356, 53041442, 53042706, 53089336, 53093359, 53093360, 53093362, 10684132265, 53085387, 53085388, 53085389, 53118366, 53118368, 53097585, 53073822, 53118372, 53134227, 53074380, 53074377, 53074376, 53124803, 53124805, 2518218246, 305541919, 53125999, 53126000, 53092218, 53075311]
[53123865, 53114730, 53114727, 53119162, 53081990, 53119164, 53041443, 53042707, 53119166, 53025057, 2834814897, 53025060, 53082627, 53073691, 53033660, 53040495, 53085375, 53085377, 53027454, 305541020, 53027455, 53027457, 2391023394, 53027459, 53027461, 53046249, 53127240, 53124803, 53124805, 2518218246, 305541919, 53125999, 53126000, 53092218, 53075311]
[53123865, 53114730, 53114727, 53119162, 53081990, 53119164, 53041443, 53042707, 53119166, 53025057, 2834814897, 53025060, 53082627, 53073691, 53033660, 53040495, 53085375, 53085377, 53027454, 53085380, 53021750, 683050221, 53085382, 53152062, 53027463, 53046250, 53046251, 53125997, 53124805, 2518218246, 305541919, 53125999, 53126000, 53092218, 53075311]
[53123865, 53124973, 53114732, 53081989, 53114734, 53093356, 53041442, 53042706, 53089336, 53093359, 53093360, 53093362, 10684132265, 53085387, 53085388, 53085389, 53073689, 53025060, 53082627, 53073691, 53033660, 53040495, 53085375, 53085377, 53027454, 53085380, 53021750, 683050221, 53085382, 53152062, 53027463, 53046250, 53046251, 53125997, 53124805, 2518218246, 305541919, 53125999, 53126000, 53092218, 53075311]
[53123865, 53124973, 53114732, 53081989, 53114734, 53093356, 53041442, 53042706, 53089336, 53093359, 53093360, 53093362, 10684132265, 53085387, 53085388, 53085389, 53118366, 683050204, 53073691, 53033660, 53040495, 53085375, 53085377, 53027454, 305541020, 53027455, 53027457, 2391023394, 53027459, 53027461, 53046249, 53127240, 53125997, 53124805, 2518218246, 305541919, 53125999, 53126000, 53092218, 53075311]
[53123865, 53114730, 53114727, 53119162, 53081990, 53119164, 53041443, 53042707, 53119166, 53025057, 2834814897, 53025060, 53082627, 53073691, 53033660, 53040495, 53085375, 53085377, 53027454, 305541020, 53027455, 53027457, 2391023394, 53027459, 53027461, 53046249, 53127240, 53124803, 53124805, 2518218246, 305541919, 53125999, 53126000, 53092218, 53075311]
[53123865, 53114730, 53114727, 53119162, 53081990, 53119164, 53041443, 53042707, 53119166, 53119168, 53085388, 53085389, 53073689, 53025060, 53082627, 53073691, 53033660, 53040495, 53085375, 53085377, 53027454, 53085380, 53021750, 683050221, 53085382, 53152062, 53027463, 53046250, 53046251, 53125997, 53124805, 2518218246, 305541919, 53125999, 53126000, 53092218, 53075311]
[53123865, 53124973, 53114732, 53081989, 53114734, 53093356, 53041442, 53042706, 53089336, 53093359, 53093360, 53119168, 53085388, 53085389, 53073689, 53025060, 53082627, 53073691, 53033660, 53040495, 53085375, 53085377, 53027454, 53085380, 53021750, 683050221, 53085382, 53152062, 53027463, 53046250, 53046251, 53125997, 53124805, 2518218246, 305541919, 53125999, 53126000, 53092218, 53075311]
[53123865, 53124973, 53114732, 53081989, 53114734, 53093356, 53041442, 53042706, 53089336, 53093359, 53093360, 53119168, 53085388, 53085389, 53118366, 683050204, 53073691, 53033660, 53040495, 53085375, 53085377, 53027454, 305541020, 53027455, 53027457, 2391023394, 53027459, 53027461, 53046249, 53127240, 53125997, 53124805, 2518218246, 305541919, 53125999, 53126000, 53092218, 53075311]
[53123865, 53124973, 53114732, 53081989, 53114734, 53093356, 53041442, 53042706, 53089336, 53093359, 53093360, 53093362, 10684132265, 53085387, 53085388, 53085389, 53118366, 683050204, 53073691, 53033660, 53040495, 53085375, 53085377, 53027454, 305541020, 53027455, 53027457, 2391023394, 53027459, 53027461, 53046249, 53127240, 53124803, 53124805, 2518218246, 305541919, 53125999, 53126000, 53092218, 53075311]
[53123865, 53124973, 53114732, 53081989, 53114734, 53093356, 53041442, 53042706, 53089336, 53093359, 53093360, 53093362, 10684132265, 53085387, 53085388, 53085389, 53118366, 683050204, 53073691, 53033660, 53040495, 53085375, 53085377, 53027454, 53085380, 53021750, 683050221, 53085382, 53152062, 53027463, 53046250, 53046251, 53125997, 53124805, 2518218246, 305541919, 53125999, 53126000, 53092218, 53075311]
[53123865, 53114730, 53114727, 53119162, 53081990, 53119164, 53041443, 53042707, 53119166, 53025057, 2834814897, 53025060, 53082627, 53073691, 53033660, 53040495, 53085375, 53085377, 53027454, 53085380, 53021750, 683050221, 53085382, 53152062, 53027463, 53046250, 53046251, 53125997, 53124805, 2518218246, 305541919, 53125999, 53126000, 53092218, 53075311]
[53123865, 53114730, 53114727, 53119162, 53081990, 53119164, 53041443, 53042707, 53119166, 53025057, 2834814897, 53025060, 53082627, 53073691, 53033660, 53040495, 53085375, 53085377, 53027454, 53085380, 53021750, 683050221, 53085382, 53152062, 53027463, 53046250, 53046251, 53125997, 53124805, 2518218246, 305541919, 53125999, 53126000, 53092218, 53075311]
[53123865, 53114730, 53114727, 53119162, 53081990, 53119164, 53041443, 53042707, 53119166, 53119168, 53085388, 53085389, 53118366, 683050204, 53073691, 53033660, 53040495, 53085375, 53085377, 53027454, 305541020, 53027455, 53027457, 2391023394, 53027459, 53027461, 53046249, 53127240, 53124803, 53124805, 2518218246, 305541919, 53125999, 53126000, 53092218, 53075311]
[53123865, 53124973, 53114732, 53081989, 53114734, 53093356, 53041442, 53042706, 53089336, 53093359, 53093360, 53093362, 10684132265, 53085387, 53085388, 53085389, 53073689, 53025060, 53082627, 53073691, 53033660, 53040495, 53085375, 53085377, 53027454, 53085380, 53021750, 683050221, 53085382, 53152062, 53027463, 53046250, 53046251, 53125997, 53124805, 2518218246, 305541919, 53125999, 53126000, 53092218, 53075311]
[53123865, 53124973, 53114732, 53081989, 53114734, 53093356, 53041442, 53042706, 53089336, 53093359, 53093360, 53093362, 10684132265, 53085387, 53085388, 53085389, 53118366, 53118368, 53097585, 53073822, 53118372, 53108990, 53118374, 53118376, 53074376, 53124803, 53124805, 2518218246, 305541919, 53125999, 53126000, 53092218, 53075311]
[53123865, 53124973, 53114732, 53081989, 53114734, 53093356, 53041442, 53042706, 53089336, 53093359, 53093360, 53093362, 10684132265, 53085387, 53085388, 53085389, 53118366, 53118368, 53097585, 53073822, 53118372, 53134227, 53074380, 53074377, 53074376, 53124803, 53124805, 2518218246, 305541919, 53125999, 53126000, 53092218, 53075311]
[53123865, 53124973, 53114732, 53081989, 53114734, 53093356, 53041442, 53042706, 53089336, 53093359, 53093360, 53093362, 10684132265, 53085387, 53085388, 53085389, 53118366, 53118368, 53097585, 53073822, 53118372, 53134227, 2391023402, 53027457, 2391023394, 53027459, 53027461, 53046249, 53127240, 53124803, 53124805, 2518218246, 305541919, 53125999, 53126000, 53092218, 53075311]
[53123865, 53114730, 53114727, 53119162, 53081990, 53119164, 53041443, 53042707, 53119166, 53119168, 53085388, 53085389, 53073689, 53025060, 53082627, 53073691, 53033660, 53040495, 53085375, 53085377, 53027454, 53085380, 53021750, 683050221, 53085382, 53152062, 53027463, 53046250, 53046251, 53125997, 53124805, 2518218246, 305541919, 53125999, 53126000, 53092218, 53075311]
[53123865, 53114730, 53114727, 53119162, 53081990, 53119164, 686202982, 53082645, 2833994093, 53041445, 53082619, 53082621, 53082625, 53082627, 53073691, 53033660, 53040495, 53085375, 53085377, 53027454, 305541020, 53027455, 53027457, 2391023394, 53027459, 53027461, 53046249, 53127240, 53124803, 53124805, 2518218246, 305541919, 53125999, 53126000, 53092218, 53075311]
[53123865, 53124973, 53114732, 53081989, 53114734, 53093356, 53041442, 53041443, 53042707, 53119166, 53119168, 53085388, 53085389, 53118366, 53118368, 53097585, 53073822, 53118372, 53134227, 53074380, 53074377, 53074376, 53124803, 53124805, 2518218246, 305541919, 53125999, 53126000, 53092218, 53075311]
[53123865, 53124973, 53114732, 53081989, 53114734, 53093356, 53041442, 53042706, 53089336, 53093359, 53093360, 53093362, 10684132265, 53085387, 53085388, 53085389, 53118366, 683050204, 53073691, 53033660, 53040495, 53085375, 53085377, 53027454, 53085380, 53021750, 683050221, 53085382, 53152062, 53027463, 53046250, 53046251, 53125997, 53124805, 2518218246, 305541919, 53125999, 53126000, 53092218, 53075311]
[53123865, 53124973, 53114732, 53081989, 53114734, 53093356, 53041442, 53041443, 53042707, 53119166, 53119168, 53085388, 53085389, 53118366, 53118368, 53097585, 53073822, 53118372, 53134227, 2391023402, 53027457, 2391023394, 53027459, 53027461, 53046249, 53127240, 53124803, 53124805, 2518218246, 305541919, 53125999, 53126000, 53092218, 53075311]
[53123865, 53114730, 53114727, 53119162, 53081990, 53119164, 53041443, 53042707, 53119166, 53119168, 53085388, 53085389, 53118366, 683050204, 53073691, 53033660, 53040495, 53085375, 53085377, 53027454, 305541020, 53027455, 53027457, 2391023394, 53027459, 53027461, 53027463, 53046250, 53046251, 53125997, 53124805, 2518218246, 305541919, 53125999, 53126000, 53092218, 53075311]
[53123865, 53124973, 53114732, 53081989, 53114734, 53093356, 53041442, 53042706, 53089336, 53093359, 53093360, 53093362, 10684132265, 53085387, 53085388, 53085389, 53118366, 53118368, 53097585, 53073822, 53118372, 53108990, 53118374, 53118376, 53074376, 53124803, 53124805, 2518218246, 305541919, 53125999, 53126000, 53092218, 53075311]
[53123865, 53124973, 53114732, 53081989, 53114734, 53093356, 53041442, 53042706, 53089336, 53093359, 53093360, 53093362, 10684132265, 53085387, 53085388, 53085389, 53118366, 683050204, 53073691, 53033660, 53040495, 53085375, 53085377, 53027454, 305541020, 53027455, 53027457, 2391023394, 53027459, 53027461, 53027463, 53046250, 53046251, 53125997, 53124805, 2518218246, 305541919, 53125999, 53126000, 53092218, 53075311]
[53123865, 53124973, 53114732, 53081989, 53114734, 53093356, 53041442, 53041443, 53042707, 53119166, 53119168, 53085388, 53085389, 53073689, 53025060, 53082627, 53073691, 53033660, 53040495, 53085375, 53085377, 53027454, 53085380, 53021750, 683050221, 53085382, 53152062, 53027463, 53046250, 53046251, 53125997, 53124805, 2518218246, 305541919, 53125999, 53126000, 53092218, 53075311]
